0.01635079908265578
0.017985878990921363
0.019784466890013497
0.021762913579014852
0.02393920493691634
0.026333125430607975
0.028966437973668775
0.03186308177103565
0.03504938994813922
0.038554328942953145
0.04240976183724846
0.04665073802097331
0.05131581182307065
0.05644739300537771
0.062092132305915496
0.06830134553650706
0.07513148009015776
0.08264462809917356
0.09090909090909091
0.1
0.11000000000000001
0.12100000000000002
0.13310000000000005
0.14641000000000004
0.16105100000000006
0.1771561000000001
0.19487171000000014
0.21435888100000017
0.2357947691000002
0.25937424601000025
0.28531167061100027
0.3138428376721003
0.3452271214393104
0.37974983358324144
0.41772481694156566
0.4594972986357222
0.5054470284992946
0.555991731349224
0.6115909044841464
